00000101000000000010001110000011
00001111111100111111001110010011
00000000011100000000010000110011
00000000111100111111001110010011
00000000010001000101010000010011
00000000000000000000010010110111
00000000000001000000111001100011
00000000000101000111010100010011
00000000000001010000010001100011
00000000011101001000010010110011
00000000000100111001001110010011
00000000000101000101010000010011
11111110100111111111000001101111
00000000000001001000010110010011
00000100101100000010101000100011
11111100010111111111000001101111